1012.878    1.26215
1008.315    1.26115
1003.767    1.26015
 999.233    1.25915
 994.713    1.25815
 990.209    1.25715
 985.719    1.25615
 981.243    1.25515
 976.783    1.25415
 972.337    1.25315
 967.906    1.25215
 963.489    1.25115
 959.087    1.25015
 954.701    1.24915
 950.329    1.24815
 945.972    1.24715
 941.630    1.24615
 937.304    1.24515
 932.993    1.24415
 928.697    1.24315
 924.417    1.24215
 920.152    1.24115
 915.902    1.24015
 911.668    1.23915
 907.449    1.23815
 903.245    1.23715
 899.057    1.23615
 894.884    1.23515
 890.726    1.23415
 886.583    1.23315
 882.456    1.23215
 878.344    1.23115
 874.248    1.23015
 870.166    1.22915
 866.100    1.22815
 862.050    1.22715
 858.015    1.22615
 853.997    1.22515
 849.994    1.22415
 846.008    1.22315
 842.039    1.22215
 838.087    1.22115
 834.153    1.22015
 830.237    1.21915
 826.339    1.21815
 822.459    1.21715
 818.597    1.21615
 814.752    1.21515
 810.926    1.21415
 807.115    1.21315
 803.321    1.21215
 799.542    1.21115
 795.777    1.21015
 792.027    1.20915
 788.292    1.20815
 784.571    1.20715
 780.864    1.20615
 777.172    1.20515
 773.494    1.20415
 769.830    1.20315
 766.180    1.20215
 762.544    1.20115
 758.923    1.20015
 755.316    1.19915
 751.724    1.19815
 748.145    1.19715
 744.581    1.19615
 741.030    1.19615
 737.493    1.19515
 733.970    1.19415
 730.460    1.19315
 726.964    1.19215
 723.481    1.19115
 720.012    1.19015
