 1012.87769    20.00   0.017603  298.77948
 1008.31519    60.00   0.017382  298.36740
 1003.76672   100.00   0.017267  297.97528
  999.23273   140.00   0.017207  297.59119
  994.71326   180.00   0.017173  297.21033
  990.20850   220.00   0.017148  296.83099
  985.71869   260.00   0.017122  296.45349
  981.24341   300.00   0.017090  296.07813
  976.78284   340.00   0.017048  295.70615
  972.33704   380.00   0.016987  295.33994
  967.90588   420.00   0.016894  294.98300
  963.48932   460.00   0.016754  294.64059
  959.08740   500.00   0.016555  294.31650
  954.70038   540.00   0.016292  294.01688
  950.32843   580.00   0.015988  293.74609
  945.97162   620.00   0.015695  293.47403
  941.63013   660.00   0.015427  293.20047
  937.30389   700.00   0.015183  292.92685
  932.99292   740.00   0.014950  292.65585
  928.69727   780.00   0.014723  292.38840
  924.41687   820.00   0.014495  292.12454
  920.15186   860.00   0.014268  291.86386
  915.90216   900.00   0.014041  291.60556
  911.66779   940.00   0.013816  291.34927
  907.44885   980.00   0.013594  291.09479
  903.24518  1020.00   0.013376  290.84152
  899.05682  1060.00   0.013163  290.58881
  894.88367  1100.00   0.012955  290.33704
  890.72595  1140.00   0.012752  290.08643
  886.58344  1180.00   0.012560  289.83572
  882.45618  1220.00   0.012374  289.58566
  878.34412  1260.00   0.012192  289.33856
  874.24750  1300.00   0.012010  289.09753
  870.16620  1340.00   0.011821  288.86627
  866.10022  1380.00   0.011616  288.64920
  862.04993  1420.00   0.011380  288.45145
  858.01538  1460.00   0.011097  288.27835
  853.99670  1500.00   0.010757  288.13358
  849.99420  1540.00   0.010359  288.01981
  846.00818  1580.00   0.009898  287.94409
  842.03900  1620.00   0.009375  287.91364
  838.08704  1660.00   0.008802  287.92975
  834.15283  1700.00   0.008206  287.98343
  830.23657  1740.00   0.007607  288.06082
  826.33862  1780.00   0.007013  288.14990
  822.45862  1820.00   0.006432  288.24042
  818.59674  1860.00   0.005872  288.31854
  814.75250  1900.00   0.005353  288.36374
  810.92554  1940.00   0.004903  288.35504
  807.11517  1980.00   0.004557  288.28268
  803.32062  2020.00   0.004328  288.14981
  799.54150  2060.00   0.004196  287.96500
  795.77716  2100.00   0.004118  287.74149
  792.02740  2140.00   0.004059  287.49866
  788.29205  2180.00   0.004007  287.25342
  784.57092  2220.00   0.003955  287.01297
  780.86420  2260.00   0.003905  286.77515
  777.17188  2300.00   0.003856  286.53595
  773.49377  2340.00   0.003808  286.29373
  769.82990  2380.00   0.003759  286.04901
  766.18018  2420.00   0.003711  285.80450
  762.54443  2460.00   0.003663  285.56723
  758.92310  2500.00   0.003614  285.34537
  755.31616  2540.00   0.003566  285.13974
  751.72357  2580.00   0.003518  284.93094
  748.14532  2620.00   0.003470  284.69604
  744.58093  2660.00   0.003421  284.44366
  741.03021  2700.00   0.003372  284.18936
  737.49329  2740.00   0.003324  283.93564
  733.96991  2780.00   0.003275  283.68155
  730.46014  2820.00   0.003227  283.42712
  726.96393  2860.00   0.003183  283.17239
  723.48120  2900.00   0.003147  282.91739
  720.01202  2940.00   0.003121  282.66165
